name,speed,elbow_speed,acc,elbow_acc,toolnum,workpiecenum,j1,j2,j3,j4,j5,j6,E1,E2,E3,E4,x,y,z,rx,ry,rz
bottlepickUpBOX_pt4NEW_Final,100,100,100,100,0,0,78.016,-82.889,113.689,-18.772,78.712,-92.571,0.000,0.000,0.000,0.000,21.997,-481.998,249.996,-179.127,78.206,90.443
boxbottle_pt3NEW_Final,100,100,100,100,0,0,78.016,-80.447,115.992,-23.516,78.713,-92.571,0.000,0.000,0.000,0.000,21.993,-481.999,219.998,-179.126,78.206,90.442
pHome,100,100,100,100,0,0,90.183,-145.001,135.000,10.002,100.000,-90.000,0.000,0.000,0.000,0.000,84.918,-140.097,361.454,-170.000,89.999,90.183
ptBottle1,100,100,100,100,0,0,90.104,-77.245,149.903,-60.867,90.541,-90.070,0.000,0.000,0.000,0.000,101.500,-288.715,67.883,-179.124,78.208,90.446
ptBottle2,100,100,100,100,0,0,72.470,-78.986,153.091,-61.787,73.287,-93.776,0.000,0.000,0.000,0.000,46.0,-288.719,67.880,-179.126,78.208,90.446
ptBottle3,100,100,100,100,0,0,54.018,-78.950,153.486,-60.148,55.323,-98.485,0.000,0.000,0.000,0.000,-13.0,-288.717,67.881,-179.131,78.207,90.441
ptBottleAboveFinal_bottle1,100,100,100,100,0,0,90.104,-92.734,146.824,-42.299,90.541,-90.070,0.000,0.000,0.000,0.000,101.498,-288.711,135.0,-179.124,78.208,90.446
ptBottleAboveFinal_bottle2,100,100,100,100,0,0,72.470,-96.050,149.726,-41.358,73.289,-93.776,0.000,0.000,0.000,0.000,46.0,-288.717,135.0,-179.124,78.208,90.447
ptBottleAboveFinal_bottle3,100,100,100,100,0,0,54.018,-96.278,150.119,-39.454,55.326,-98.485,0.000,0.000,0.000,0.000,-13.0,-288.715,135.0,-179.128,78.207,90.442
